5.160498e+00
1.567652e+01
5.302487e+00
1.500328e+01
2.999834e+01
5.165717e+00
1.560918e+01
5.343773e+00
1.500691e+01
2.993440e+01
5.171030e+00
1.554185e+01
5.385009e+00
1.501046e+01
2.987050e+01
5.176437e+00
1.547451e+01
5.426195e+00
1.501395e+01
2.980663e+01
5.181937e+00
1.540717e+01
5.467332e+00
1.501736e+01
2.974280e+01
5.187529e+00
1.533983e+01
5.508417e+00
1.502070e+01
2.967900e+01
5.193215e+00
1.527248e+01
5.549452e+00
1.502397e+01
2.961524e+01
5.198993e+00
1.520514e+01
5.590436e+00
1.502717e+01
2.955152e+01
5.204864e+00
1.513780e+01
5.631369e+00
1.503030e+01
2.948783e+01
5.210827e+00
1.507046e+01
5.672251e+00
1.503335e+01
2.942418e+01
5.216882e+00
1.500312e+01
5.713080e+00
1.503634e+01
2.936058e+01
5.223030e+00
1.493579e+01
5.753858e+00
1.503926e+01
2.929701e+01
5.229269e+00
1.486846e+01
5.794583e+00
1.504211e+01
2.923348e+01
5.235600e+00
1.480113e+01
5.835256e+00
1.504489e+01
2.916999e+01
5.242023e+00
1.473381e+01
5.875875e+00
1.504760e+01
2.910654e+01
5.248538e+00
1.466649e+01
5.916442e+00
1.505024e+01
2.904314e+01
5.255143e+00
1.459917e+01
5.956956e+00
1.505281e+01
2.897978e+01
5.261840e+00
1.453186e+01
5.997415e+00
1.505532e+01
2.891646e+01
5.268628e+00
1.446456e+01
6.037821e+00
1.505775e+01
2.885318e+01
5.275507e+00
1.439727e+01
6.078173e+00
1.506012e+01
2.878994e+01
5.282476e+00
1.432998e+01
6.118470e+00
1.506242e+01
2.872675e+01
5.289536e+00
1.426270e+01
6.158712e+00
1.506465e+01
2.866361e+01
5.296686e+00
1.419543e+01
6.198900e+00
1.506682e+01
2.860051e+01
5.303926e+00
1.412817e+01
6.239032e+00
1.506891e+01
2.853746e+01
5.311256e+00
1.406092e+01
6.279109e+00
1.507094e+01
2.847445e+01
5.318676e+00
1.399368e+01
6.319130e+00
1.507290e+01
2.841149e+01
5.326186e+00
1.392645e+01
6.359096e+00
1.507480e+01
2.834858e+01
5.333785e+00
1.385923e+01
6.399004e+00
1.507663e+01
2.828571e+01
5.341474e+00
1.379202e+01
6.438857e+00
1.507839e+01
2.822290e+01
5.349251e+00
1.372483e+01
6.478652e+00
1.508009e+01
2.816013e+01
5.357118e+00
1.365764e+01
6.518391e+00
1.508172e+01
2.809741e+01
5.365073e+00
1.359048e+01
6.558072e+00
1.508329e+01
2.803475e+01
5.373117e+00
1.352332e+01
6.597696e+00
1.508479e+01
2.797213e+01
5.381249e+00
1.345619e+01
6.637262e+00
1.508622e+01
2.790957e+01
5.389469e+00
1.338906e+01
6.676771e+00
1.508759e+01
2.784705e+01
5.397777e+00
1.332196e+01
6.716220e+00
1.508890e+01
2.778459e+01
5.406174e+00
1.325487e+01
6.755612e+00
1.509014e+01
2.772219e+01
5.414657e+00
1.318779e+01
6.794944e+00
1.509132e+01
2.765983e+01
5.423229e+00
1.312074e+01
6.834218e+00
1.509243e+01
2.759753e+01
5.431887e+00
1.305370e+01
6.873433e+00
1.509349e+01
2.753529e+01
5.440633e+00
1.298668e+01
6.912588e+00
1.509447e+01
2.747310e+01
5.449465e+00
1.291968e+01
6.951683e+00
1.509540e+01
2.741096e+01
5.458385e+00
1.285270e+01
6.990719e+00
1.509626e+01
2.734888e+01
5.467390e+00
1.278574e+01
7.029694e+00
1.509706e+01
2.728686e+01
5.476482e+00
1.271880e+01
7.068609e+00
1.509779e+01
2.722490e+01
5.485661e+00
1.265188e+01
7.107464e+00
1.509847e+01
2.716299e+01
5.494925e+00
1.258498e+01
7.146257e+00
1.509908e+01
2.710114e+01
5.504274e+00
1.251811e+01
7.184990e+00
1.509963e+01
2.703935e+01
5.513710e+00
1.245126e+01
7.223662e+00
1.510012e+01
2.697762e+01
5.523230e+00
1.238443e+01
7.262272e+00
1.510055e+01
2.691595e+01
5.532836e+00
1.231763e+01
7.300820e+00
1.510092e+01
2.685434e+01
5.542527e+00
1.225085e+01
7.339306e+00
1.510123e+01
2.679280e+01
5.552302e+00
1.218409e+01
7.377731e+00
1.510147e+01
2.673131e+01
5.562162e+00
1.211736e+01
7.416093e+00
1.510166e+01
2.666988e+01
5.572107e+00
1.205066e+01
7.454392e+00
1.510179e+01
2.660852e+01
5.582135e+00
1.198398e+01
7.492629e+00
1.510185e+01
2.654722e+01
5.592248e+00
1.191733e+01
7.530803e+00
1.510186e+01
2.648598e+01
5.602444e+00
1.185071e+01
7.568914e+00
1.510181e+01
2.642481e+01
5.612723e+00
1.178411e+01
7.606962e+00
1.510170e+01
2.636370e+01
5.623086e+00
1.171755e+01
7.644946e+00
1.510154e+01
2.630266e+01
5.633532e+00
1.165101e+01
7.682867e+00
1.510131e+01
2.624168e+01
5.644061e+00
1.158450e+01
7.720723e+00
1.510103e+01
2.618076e+01
5.654673e+00
1.151802e+01
7.758516e+00
1.510068e+01
2.611992e+01
5.665367e+00
1.145157e+01
7.796244e+00
1.510029e+01
2.605914e+01
5.676144e+00
1.138515e+01
7.833908e+00
1.509983e+01
2.599843e+01
5.687003e+00
1.131877e+01
7.871508e+00
1.509932e+01
2.593778e+01
5.697943e+00
1.125241e+01
7.909042e+00
1.509875e+01
2.587720e+01
5.708965e+00
1.118609e+01
7.946512e+00
1.509812e+01
2.581670e+01
5.720069e+00
1.111980e+01
7.983917e+00
1.509744e+01
2.575626e+01
5.731254e+00
1.105354e+01
8.021256e+00
1.509670e+01
2.569589e+01
5.742519e+00
1.098732e+01
8.058530e+00
1.509591e+01
2.563559e+01
5.753866e+00
1.092113e+01
8.095738e+00
1.509506e+01
2.557536e+01
5.765293e+00
1.085497e+01
8.132881e+00
1.509416e+01
2.551520e+01
5.776801e+00
1.078885e+01
8.169957e+00
1.509320e+01
2.545512e+01
5.788389e+00
1.072277e+01
8.206968e+00
1.509219e+01
2.539510e+01
5.800057e+00
1.065672e+01
8.243912e+00
1.509112e+01
2.533516e+01
5.811805e+00
1.059071e+01
8.280790e+00
1.509000e+01
2.527529e+01
5.823632e+00
1.052473e+01
8.317601e+00
1.508882e+01
2.521550e+01
5.835538e+00
1.045879e+01
8.354346e+00
1.508760e+01
2.515577e+01
5.847524e+00
1.039289e+01
8.391024e+00
1.508631e+01
2.509613e+01
5.859589e+00
1.032703e+01
8.427635e+00
1.508498e+01
2.503655e+01
5.871732e+00
1.026120e+01
8.464179e+00
1.508359e+01
2.497705e+01
5.883954e+00
1.019541e+01
8.500655e+00
1.508216e+01
2.491763e+01
5.896254e+00
1.012967e+01
8.537064e+00
1.508067e+01
2.485828e+01
5.908632e+00
1.006396e+01
8.573406e+00
1.507912e+01
2.479901e+01
5.921088e+00
9.998289e+00
8.609680e+00
1.507753e+01
2.473981e+01
5.933622e+00
9.932661e+00
8.645887e+00
1.507588e+01
2.468069e+01
5.946233e+00
9.867074e+00
8.682025e+00
1.507419e+01
2.462165e+01
5.958921e+00
9.801528e+00
8.718096e+00
1.507244e+01
2.456268e+01
5.971686e+00
9.736023e+00
8.754099e+00
1.507064e+01
2.450380e+01
5.984528e+00
9.670560e+00
8.790033e+00
1.506879e+01
2.444499e+01
5.997447e+00
9.605140e+00
8.825899e+00
1.506690e+01
2.438626e+01
6.010442e+00
9.539762e+00
8.861697e+00
1.506495e+01
2.432761e+01
6.023513e+00
9.474427e+00
8.897426e+00
1.506295e+01
2.426904e+01
6.036660e+00
9.409135e+00
8.933086e+00
1.506091e+01
2.421055e+01
6.049883e+00
9.343887e+00
8.968678e+00
1.505881e+01
2.415214e+01
6.063181e+00
9.278683e+00
9.004201e+00
1.505667e+01
2.409381e+01
6.076554e+00
9.213524e+00
9.039656e+00
1.505448e+01
2.403556e+01
6.090003e+00
9.148409e+00
9.075041e+00
1.505224e+01
2.397739e+01
6.103527e+00
9.083339e+00
9.110357e+00
1.504995e+01
2.391930e+01
6.117125e+00
9.018315e+00
9.145605e+00
1.504762e+01
2.386130e+01
6.130797e+00
8.953336e+00
9.180783e+00
1.504524e+01
2.380337e+01
6.144544e+00
8.888403e+00
9.215892e+00
1.504281e+01
2.374553e+01
6.158365e+00
8.823517e+00
9.250931e+00
1.504033e+01
2.368777e+01
6.172260e+00
8.758677e+00
9.285902e+00
1.503781e+01
2.363010e+01
6.186228e+00
8.693884e+00
9.320802e+00
1.503524e+01
2.357251e+01
6.200270e+00
8.629138e+00
9.355634e+00
1.503263e+01
2.351500e+01
6.214385e+00
8.564440e+00
9.390396e+00
1.502997e+01
2.345758e+01
6.228573e+00
8.499789e+00
9.425088e+00
1.502726e+01
2.340024e+01
6.242833e+00
8.435187e+00
9.459711e+00
1.502451e+01
2.334298e+01
6.257167e+00
8.370633e+00
9.494265e+00
1.502171e+01
2.328581e+01
6.271572e+00
8.306127e+00
9.528749e+00
1.501887e+01
2.322872e+01
6.286050e+00
8.241670e+00
9.563163e+00
1.501599e+01
2.317172e+01
6.300600e+00
8.177262e+00
9.597507e+00
1.501306e+01
2.311481e+01
6.315222e+00
8.112903e+00
9.631782e+00
1.501009e+01
2.305798e+01
6.329916e+00
8.048593e+00
9.665988e+00
1.500707e+01
2.300123e+01
6.344680e+00
7.984333e+00
9.700124e+00
1.500401e+01
2.294457e+01
6.359516e+00
7.920123e+00
9.734190e+00
1.500091e+01
2.288800e+01
6.374424e+00
7.855963e+00
9.768186e+00
1.499776e+01
2.283152e+01
6.389402e+00
7.791853e+00
9.802114e+00
1.499458e+01
2.277512e+01
6.404450e+00
7.727793e+00
9.835971e+00
1.499134e+01
2.271881e+01
6.419569e+00
7.663784e+00
9.869760e+00
1.498807e+01
2.266258e+01
6.434759e+00
7.599825e+00
9.903479e+00
1.498476e+01
2.260644e+01
6.450019e+00
7.535917e+00
9.937128e+00
1.498140e+01
2.255039e+01
6.465348e+00
7.472059e+00
9.970709e+00
1.497800e+01
2.249443e+01
6.480748e+00
7.408252e+00
1.000422e+01
1.497456e+01
2.243855e+01
6.496217e+00
7.344497e+00
1.003766e+01
1.497108e+01
2.238276e+01
6.511756e+00
7.280792e+00
1.007104e+01
1.496756e+01
2.232706e+01
6.527364e+00
7.217138e+00
1.010434e+01
1.496399e+01
2.227144e+01
6.543042e+00
7.153534e+00
1.013758e+01
1.496039e+01
2.221591e+01
6.558788e+00
7.089982e+00
1.017074e+01
1.495675e+01
2.216047e+01
6.574603e+00
7.026481e+00
1.020384e+01
1.495306e+01
2.210512e+01
6.590488e+00
6.963031e+00
1.023687e+01
1.494934e+01
2.204985e+01
6.606440e+00
6.899631e+00
1.026984e+01
1.494558e+01
2.199467e+01
6.622462e+00
6.836282e+00
1.030273e+01
1.494178e+01
2.193958e+01
6.638552e+00
6.772983e+00
1.033556e+01
1.493793e+01
2.188458e+01
6.654710e+00
6.709735e+00
1.036832e+01
1.493405e+01
2.182966e+01
6.670936e+00
6.646536e+00
1.040102e+01
1.493013e+01
2.177483e+01
6.687231e+00
6.583388e+00
1.043364e+01
1.492618e+01
2.172009e+01
6.703594e+00
6.520290e+00
1.046620e+01
1.492218e+01
2.166543e+01
6.720025e+00
6.457240e+00
1.049870e+01
1.491814e+01
2.161086e+01
6.736523e+00
6.394240e+00
1.053113e+01
1.491407e+01
2.155637e+01
6.753090e+00
6.331288e+00
1.056349e+01
1.490996e+01
2.150197e+01
6.769725e+00
6.268385e+00
1.059579e+01
1.490581e+01
2.144766e+01
6.786427e+00
6.205529e+00
1.062802e+01
1.490162e+01
2.139343e+01
6.803197e+00
6.142721e+00
1.066019e+01
1.489739e+01
2.133928e+01
6.820035e+00
6.079959e+00
1.069230e+01
1.489313e+01
2.128522e+01
6.836941e+00
6.017243e+00
1.072434e+01
1.488883e+01
2.123124e+01
6.853915e+00
5.954573e+00
1.075632e+01
1.488449e+01
2.117734e+01
6.870957e+00
5.891947e+00
1.078824e+01
1.488011e+01
2.112353e+01
6.888066e+00
5.829366e+00
1.082010e+01
1.487570e+01
2.106980e+01
6.905244e+00
5.766827e+00
1.085189e+01
1.487124e+01
2.101615e+01
6.922490e+00
5.704331e+00
1.088363e+01
1.486676e+01
2.096257e+01
6.939805e+00
5.641875e+00
1.091531e+01
1.486223e+01
2.090908e+01
6.957187e+00
5.579460e+00
1.094693e+01
1.485767e+01
2.085566e+01
6.974639e+00
5.517084e+00
1.097849e+01
1.485306e+01
2.080233e+01
6.992159e+00
5.454745e+00
1.101000e+01
1.484843e+01
2.074906e+01
7.009749e+00
5.392442e+00
1.104145e+01
1.484375e+01
2.069587e+01
7.027407e+00
5.330174e+00
1.107284e+01
1.483903e+01
2.064276e+01
7.045136e+00
5.267940e+00
1.110419e+01
1.483428e+01
2.058972e+01
7.062934e+00
5.205737e+00
1.113548e+01
1.482949e+01
2.053674e+01
7.080803e+00
5.143564e+00
1.116672e+01
1.482466e+01
2.048384e+01
7.098742e+00
5.081418e+00
1.119791e+01
1.481980e+01
2.043100e+01
7.116753e+00
5.019298e+00
1.122905e+01
1.481489e+01
2.037823e+01
7.134835e+00
4.957202e+00
1.126015e+01
1.480995e+01
2.032552e+01
7.152990e+00
4.895126e+00
1.129120e+01
1.480497e+01
2.027287e+01
7.171218e+00
4.833069e+00
1.132221e+01
1.479995e+01
2.022029e+01
7.189518e+00
4.771028e+00
1.135317e+01
1.479488e+01
2.016775e+01
7.207894e+00
4.708999e+00
1.138410e+01
1.478978e+01
2.011528e+01
7.226344e+00
4.646979e+00
1.141499e+01
1.478464e+01
2.006285e+01
7.244870e+00
4.584965e+00
1.144585e+01
1.477946e+01
2.001047e+01
7.263472e+00
4.522954e+00
1.147668e+01
1.477423e+01
1.995813e+01
7.282153e+00
4.460941e+00
1.150747e+01
1.476897e+01
1.990584e+01
7.300912e+00
4.398922e+00
1.153824e+01
1.476366e+01
1.985358e+01
7.319752e+00
4.336892e+00
1.156899e+01
1.475831e+01
1.980136e+01
7.338673e+00
4.274846e+00
1.159971e+01
1.475291e+01
1.974916e+01
7.357676e+00
4.212780e+00
1.163042e+01
1.474747e+01
1.969699e+01
7.376764e+00
4.150687e+00
1.166111e+01
1.474198e+01
1.964484e+01
7.395939e+00
4.088561e+00
1.169180e+01
1.473645e+01
1.959270e+01
7.415201e+00
4.026395e+00
1.172248e+01
1.473087e+01
1.954057e+01
7.434552e+00
3.964182e+00
1.175316e+01
1.472524e+01
1.948844e+01
7.453996e+00
3.901915e+00
1.178385e+01
1.471956e+01
1.943631e+01
7.473535e+00
3.839585e+00
1.181454e+01
1.471382e+01
1.938416e+01
7.493170e+00
3.777182e+00
1.184525e+01
1.470804e+01
1.933199e+01
7.512905e+00
3.714697e+00
1.187599e+01
1.470220e+01
1.927979e+01
7.532743e+00
3.652120e+00
1.190675e+01
1.469631e+01
1.922756e+01
7.552688e+00
3.589437e+00
1.193755e+01
1.469035e+01
1.917527e+01
7.572742e+00
3.526637e+00
1.196840e+01
1.468434e+01
1.912292e+01
7.592910e+00
3.463705e+00
1.199930e+01
1.467827e+01
1.907050e+01
7.613197e+00
3.400627e+00
1.203026e+01
1.467213e+01
1.901799e+01
7.633607e+00
3.337385e+00
1.206130e+01
1.466593e+01
1.896538e+01
7.654146e+00
3.273960e+00
1.209242e+01
1.465965e+01
1.891266e+01
7.674819e+00
3.210334e+00
1.212364e+01
1.465331e+01
1.885980e+01
7.695634e+00
3.146482e+00
1.215498e+01
1.464689e+01
1.880678e+01
7.716598e+00
3.082382e+00
1.218644e+01
1.464039e+01
1.875359e+01
7.737718e+00
3.018003e+00
1.221805e+01
1.463381e+01
1.870020e+01
7.759004e+00
2.953317e+00
1.224982e+01
1.462714e+01
1.864658e+01
7.780467e+00
2.888289e+00
1.228178e+01
1.462038e+01
1.859270e+01
7.802117e+00
2.822879e+00
1.231396e+01
1.461353e+01
1.853853e+01
7.823969e+00
2.757045e+00
1.234637e+01
1.460657e+01
1.848403e+01