1.309800e+00
1.309197e+00
1.308596e+00
1.307997e+00
1.307399e+00
1.306803e+00
1.306208e+00
1.305614e+00
1.305023e+00
1.304432e+00
1.303843e+00
1.303256e+00
1.302670e+00
1.302086e+00
1.301503e+00
1.300922e+00
1.300342e+00
1.299763e+00
1.299186e+00
1.298610e+00
1.298036e+00
1.297464e+00
1.296892e+00
1.296323e+00
1.295754e+00
1.295187e+00
1.294622e+00
1.294057e+00
1.293495e+00
1.292933e+00
1.292373e+00
1.291815e+00
1.291258e+00
1.290702e+00
1.290147e+00
1.289594e+00
1.289043e+00
1.288492e+00
1.287943e+00
1.287396e+00
1.286850e+00
1.286305e+00
1.285761e+00
1.285219e+00
1.284678e+00
1.284139e+00
1.283600e+00
1.283064e+00
1.282528e+00
1.281994e+00
1.281461e+00
1.280929e+00
1.280399e+00
1.279870e+00
1.279342e+00
1.278815e+00
1.278290e+00
1.277766e+00
1.277244e+00
1.276722e+00
1.276202e+00
1.275683e+00
1.275166e+00
1.274650e+00
1.274134e+00
1.273621e+00
1.273108e+00
1.272597e+00
1.272087e+00
1.271578e+00
1.271070e+00
1.270564e+00
1.270058e+00
1.269554e+00
1.269052e+00
1.268550e+00
1.268050e+00
1.267550e+00
1.267052e+00
1.266556e+00
1.266060e+00
1.265566e+00
1.265072e+00
1.264580e+00
1.264089e+00
1.263600e+00
1.263111e+00
1.262624e+00
1.262137e+00
1.261652e+00
1.261168e+00
1.260686e+00
1.260204e+00
1.259724e+00
1.259244e+00
1.258766e+00
1.258289e+00
1.257813e+00
1.257338e+00
1.256864e+00
1.256392e+00
1.255920e+00
1.255450e+00
1.254980e+00
1.254512e+00
1.254045e+00
1.253579e+00
1.253114e+00
1.252650e+00
1.252188e+00
1.251726e+00
1.251265e+00
1.250806e+00
1.250347e+00
1.249890e+00
1.249434e+00
1.248978e+00
1.248524e+00
1.248071e+00
1.247619e+00
1.247168e+00
1.246718e+00
1.246269e+00
1.245821e+00
1.245374e+00
1.244928e+00
1.244484e+00
1.244040e+00
1.243597e+00
1.243155e+00
1.242715e+00
1.242275e+00
1.241836e+00
1.241398e+00
1.240962e+00
1.240526e+00
1.240091e+00
1.239658e+00
1.239225e+00
1.238793e+00
1.238362e+00
1.237933e+00
1.237504e+00
1.237076e+00
1.236649e+00
1.236223e+00
1.235799e+00
1.235375e+00
1.234952e+00
1.234530e+00
1.234109e+00
1.233689e+00
1.233270e+00
1.232851e+00
1.232434e+00
1.232018e+00
1.231603e+00
1.231188e+00
1.230775e+00
1.230362e+00
1.229950e+00
1.229540e+00
1.229130e+00
1.228721e+00
1.228313e+00
1.227906e+00
1.227500e+00
1.227095e+00
1.226691e+00
1.226287e+00
1.225885e+00
1.225483e+00
1.225083e+00
1.224683e+00
1.224284e+00
1.223886e+00
1.223489e+00
1.223093e+00
1.222697e+00
1.222303e+00
1.221909e+00
1.221516e+00
1.221125e+00
1.220734e+00
1.220344e+00
1.219954e+00
1.219566e+00
1.219178e+00
1.218792e+00
1.218406e+00
1.218021e+00
1.217637e+00
1.217254e+00
1.216871e+00
1.216490e+00
1.216109e+00
1.215729e+00
1.215350e+00
1.214972e+00
1.214594e+00
1.214218e+00
1.213842e+00
1.213467e+00
1.213093e+00
1.212719e+00
1.212347e+00
1.211975e+00
1.211604e+00
1.211234e+00
1.210865e+00
1.210497e+00
1.210129e+00
1.209762e+00
1.209396e+00
1.209031e+00
1.208666e+00
1.208303e+00
1.207940e+00
1.207578e+00
1.207216e+00
1.206856e+00
1.206496e+00
1.206137e+00
1.205779e+00
1.205421e+00
1.205065e+00
1.204709e+00
1.204354e+00
1.203999e+00
1.203646e+00
1.203293e+00
1.202941e+00
1.202590e+00
1.202239e+00
1.201889e+00
1.201540e+00
1.201192e+00
1.200844e+00
1.200497e+00
1.200151e+00
1.199806e+00
1.199461e+00
1.199117e+00
1.198774e+00
1.198432e+00
1.198090e+00
1.197749e+00
1.197409e+00
1.197069e+00
1.196731e+00
1.196393e+00
1.196055e+00
1.195719e+00
1.195383e+00
1.195047e+00
1.194713e+00
1.194379e+00
1.194046e+00
1.193714e+00
1.193382e+00
1.193051e+00
1.192721e+00
1.192391e+00
1.192062e+00
1.191734e+00
1.191406e+00
1.191080e+00
1.190753e+00
1.190428e+00
1.190103e+00
1.189779e+00
1.189456e+00
1.189133e+00
1.188811e+00
1.188489e+00
1.188169e+00
1.187849e+00
1.187529e+00
1.187211e+00
1.186892e+00
1.186575e+00
1.186258e+00
1.185942e+00
1.185627e+00
1.185312e+00
1.184998e+00
1.184685e+00
1.184372e+00
1.184060e+00
1.183748e+00
1.183437e+00
1.183127e+00
1.182817e+00
1.182508e+00
1.182200e+00
1.181892e+00
1.181585e+00
1.181279e+00
1.180973e+00
1.180668e+00
1.180364e+00
1.180060e+00
1.179757e+00
1.179454e+00
1.179152e+00
1.178850e+00
1.178550e+00
1.178250e+00
1.177950e+00
1.177651e+00
1.177353e+00
1.177055e+00
1.176758e+00
1.176461e+00
1.176166e+00
1.175870e+00
1.175576e+00
1.175282e+00
1.174988e+00
1.174695e+00
1.174403e+00
1.174111e+00
1.173820e+00
1.173530e+00
1.173240e+00
1.172950e+00
1.172662e+00
1.172373e+00
1.172086e+00
1.171799e+00
1.171513e+00
1.171227e+00
1.170941e+00
1.170657e+00
1.170373e+00
1.170089e+00
1.169806e+00
1.169524e+00
1.169242e+00
1.168961e+00
1.168680e+00
1.168400e+00
1.168120e+00
1.167841e+00
1.167563e+00
1.167285e+00
1.167008e+00
1.166731e+00
1.166455e+00
1.166179e+00
1.165904e+00
1.165630e+00
1.165356e+00
1.165082e+00
1.164809e+00
1.164537e+00
1.164265e+00
1.163994e+00
1.163723e+00
1.163453e+00
1.163183e+00
1.162914e+00
1.162645e+00
1.162377e+00
1.162110e+00
1.161843e+00
1.161576e+00
1.161311e+00
1.161045e+00
1.160780e+00
1.160516e+00
1.160252e+00
1.159989e+00
1.159726e+00
1.159464e+00
1.159202e+00
1.158941e+00
1.158680e+00
1.158420e+00
1.158160e+00
1.157901e+00
1.157642e+00
1.157384e+00
1.157127e+00
1.156869e+00
1.156613e+00
1.156357e+00
1.156101e+00
1.155846e+00
1.155591e+00
1.155337e+00
1.155083e+00
1.154830e+00
1.154578e+00
1.154326e+00
1.154074e+00
1.153823e+00
1.153572e+00
1.153322e+00
1.153072e+00
1.152823e+00
1.152574e+00
1.152326e+00
1.152078e+00
1.151831e+00
1.151584e+00
1.151338e+00
1.151092e+00
1.150847e+00
1.150602e+00
1.150357e+00
1.150114e+00
1.149870e+00
1.149627e+00
1.149385e+00
1.149142e+00
1.148901e+00
1.148660e+00
1.148419e+00
1.148179e+00
1.147939e+00
1.147700e+00
1.147461e+00
1.147223e+00
1.146985e+00
1.146748e+00
1.146511e+00
1.146274e+00
1.146038e+00
1.145803e+00
1.145567e+00
1.145333e+00
1.145098e+00
1.144865e+00
1.144631e+00
1.144398e+00
1.144166e+00
1.143934e+00
1.143702e+00
1.143471e+00
1.143241e+00
1.143010e+00
1.142781e+00
1.142551e+00
1.142322e+00
1.142094e+00
1.141866e+00
1.141638e+00
1.141411e+00
1.141184e+00
1.140958e+00
1.140732e+00
1.140507e+00
1.140282e+00
1.140057e+00
1.139833e+00
1.139609e+00
1.139386e+00
1.139163e+00
1.138940e+00
1.138718e+00
1.138497e+00
1.138275e+00
1.138055e+00
1.137834e+00
1.137614e+00
1.137395e+00
1.137176e+00
1.136957e+00
1.136739e+00
1.136521e+00
1.136303e+00
1.136086e+00
1.135869e+00
1.135653e+00
1.135437e+00
1.135222e+00
1.135007e+00
1.134792e+00
1.134578e+00
1.134364e+00
1.134151e+00
1.133938e+00
1.133725e+00
1.133513e+00
1.133301e+00
1.133089e+00
1.132878e+00
1.132668e+00
1.132457e+00
1.132248e+00
1.132038e+00
1.131829e+00
1.131620e+00
1.131412e+00
1.131204e+00
1.130996e+00
1.130789e+00
1.130583e+00
1.130376e+00
1.130170e+00
1.129965e+00
1.129759e+00
1.129555e+00
1.129350e+00
1.129146e+00
1.128942e+00
1.128739e+00
1.128536e+00
1.128333e+00
1.128131e+00
1.127929e+00
1.127728e+00
1.127527e+00
1.127326e+00
1.127126e+00
1.126926e+00
1.126726e+00
1.126527e+00
1.126328e+00
1.126130e+00
1.125931e+00
1.125734e+00
1.125536e+00
1.125339e+00
1.125142e+00
1.124946e+00
1.124750e+00
1.124555e+00
1.124359e+00
1.124164e+00
1.123970e+00
1.123776e+00
1.123582e+00
1.123388e+00
1.123195e+00
1.123003e+00
1.122810e+00
1.122618e+00
1.122426e+00
1.122235e+00
1.122044e+00
1.121853e+00
1.121663e+00
1.121473e+00
1.121284e+00
1.121094e+00
1.120905e+00
1.120717e+00
1.120529e+00
1.120341e+00
1.120153e+00
1.119966e+00
1.119779e+00
1.119593e+00
1.119406e+00
1.119220e+00
1.119035e+00
1.118850e+00
1.118665e+00
1.118480e+00
1.118296e+00
1.118112e+00
1.117929e+00
1.117746e+00
1.117563e+00
1.117380e+00
1.117198e+00
1.117016e+00
1.116835e+00
1.116654e+00
1.116473e+00
1.116292e+00
1.116112e+00
1.115932e+00
1.115752e+00
1.115573e+00
1.115394e+00
1.115216e+00
1.115037e+00
1.114859e+00
1.114682e+00
1.114504e+00
1.114327e+00
1.114151e+00
1.113974e+00
1.113798e+00
1.113623e+00
1.113447e+00
1.113272e+00
1.113097e+00
1.112923e+00
1.112749e+00
1.112575e+00
1.112401e+00
1.112228e+00
1.112055e+00
1.111882e+00
1.111710e+00
1.111538e+00
1.111366e+00
1.111195e+00
1.111024e+00
1.110853e+00
1.110683e+00
1.110512e+00
1.110343e+00
1.110173e+00
1.110004e+00
1.109835e+00
1.109666e+00
1.109498e+00
1.109330e+00
1.109162e+00
1.108994e+00
1.108827e+00
1.108660e+00
1.108494e+00
1.108327e+00
1.108161e+00
1.107996e+00
1.107830e+00
1.107665e+00
1.107500e+00
1.107336e+00
1.107171e+00
1.107007e+00
1.106844e+00
1.106680e+00
1.106517e+00
1.106355e+00
1.106192e+00
1.106030e+00
1.105868e+00
1.105706e+00
1.105545e+00
1.105384e+00
1.105223e+00
1.105062e+00
1.104902e+00
1.104742e+00
1.104582e+00
1.104423e+00
1.104264e+00
1.104105e+00
1.103946e+00
1.103788e+00
1.103630e+00
1.103472e+00
1.103315e+00
1.103158e+00
1.103001e+00
1.102844e+00
1.102688e+00
1.102532e+00
1.102376e+00
1.102220e+00
1.102065e+00
1.101910e+00
1.101755e+00
1.101601e+00
1.101447e+00
1.101293e+00
1.101139e+00
1.100986e+00
1.100833e+00
1.100680e+00
1.100527e+00
1.100375e+00
1.100223e+00
1.100071e+00
1.099919e+00
1.099768e+00
1.099617e+00
1.099466e+00
1.099316e+00
1.099166e+00
1.099016e+00
1.098866e+00
1.098717e+00
1.098567e+00
1.098418e+00
1.098270e+00
1.098121e+00
1.097973e+00
1.097825e+00
1.097678e+00
1.097530e+00
1.097383e+00
1.097236e+00
1.097090e+00
1.096943e+00
1.096797e+00
1.096651e+00
1.096506e+00
1.096360e+00
1.096215e+00
1.096070e+00
1.095926e+00
1.095781e+00
1.095637e+00
1.095493e+00
1.095349e+00
1.095206e+00
1.095063e+00
1.094920e+00
1.094777e+00
1.094635e+00
1.094493e+00
1.094351e+00
1.094209e+00
1.094068e+00
1.093927e+00
1.093786e+00
1.093645e+00
1.093504e+00
1.093364e+00
1.093224e+00
1.093084e+00
1.092945e+00
1.092806e+00
1.092667e+00
1.092528e+00
1.092389e+00
1.092251e+00
1.092113e+00
1.091975e+00
1.091837e+00
1.091700e+00
1.091563e+00
1.091426e+00
1.091289e+00
1.091153e+00
1.091016e+00
1.090880e+00
1.090745e+00
1.090609e+00
1.090474e+00
1.090339e+00
1.090204e+00
1.090069e+00
1.089935e+00
1.089801e+00
1.089667e+00
1.089533e+00
1.089400e+00
1.089266e+00
1.089133e+00
1.089001e+00
1.088868e+00
1.088736e+00
1.088604e+00
1.088472e+00
1.088340e+00
1.088208e+00
1.088077e+00
1.087946e+00
1.087815e+00
1.087685e+00
1.087554e+00
1.087424e+00
1.087294e+00
1.087165e+00
1.087035e+00
1.086906e+00
1.086777e+00
1.086648e+00
1.086519e+00
1.086391e+00
1.086263e+00
1.086135e+00
1.086007e+00
1.085880e+00
1.085752e+00
1.085625e+00
1.085498e+00
1.085372e+00
1.085245e+00
1.085119e+00
1.084993e+00
1.084867e+00
1.084741e+00
1.084616e+00
1.084491e+00
1.084366e+00
1.084241e+00
1.084116e+00
1.083992e+00
1.083868e+00
1.083744e+00
1.083620e+00
1.083496e+00
1.083373e+00
1.083250e+00
1.083127e+00
1.083004e+00
1.082882e+00
1.082759e+00
1.082637e+00
1.082515e+00
1.082394e+00
1.082272e+00
1.082151e+00
1.082030e+00
1.081909e+00
1.081788e+00
1.081668e+00
1.081547e+00
1.081427e+00
1.081307e+00
1.081188e+00
1.081068e+00
1.080949e+00
1.080830e+00
1.080711e+00
1.080592e+00
1.080474e+00
1.080355e+00
1.080237e+00
1.080119e+00
1.080001e+00
1.079884e+00
1.079767e+00
1.079649e+00
1.079532e+00
1.079416e+00
1.079299e+00
1.079183e+00
1.079066e+00
1.078950e+00
1.078835e+00
1.078719e+00
1.078604e+00
1.078488e+00
1.078373e+00
1.078258e+00
1.078144e+00
1.078029e+00
1.077915e+00
1.077801e+00
1.077687e+00
1.077573e+00
1.077460e+00
1.077346e+00
1.077233e+00
1.077120e+00
1.077007e+00
1.076895e+00
1.076782e+00
1.076670e+00
1.076558e+00
1.076446e+00
1.076334e+00
1.076223e+00
1.076112e+00
1.076000e+00
1.075889e+00
1.075779e+00
1.075668e+00
1.075558e+00
1.075447e+00
1.075337e+00
1.075227e+00
1.075118e+00
1.075008e+00
1.074899e+00
1.074790e+00
1.074681e+00
1.074572e+00
1.074463e+00
1.074355e+00
1.074246e+00
1.074138e+00
1.074030e+00
1.073923e+00
1.073815e+00
1.073708e+00
1.073600e+00
1.073493e+00
1.073387e+00
1.073280e+00
1.073173e+00
1.073067e+00
1.072961e+00
1.072855e+00
1.072749e+00
1.072643e+00
1.072538e+00
1.072432e+00
1.072327e+00
1.072222e+00
1.072117e+00
1.072013e+00
1.071908e+00
1.071804e+00
1.071700e+00
1.071596e+00
1.071492e+00
1.071388e+00
1.071285e+00
1.071182e+00
1.071078e+00
1.070976e+00
1.070873e+00
1.070770e+00
1.070668e+00
1.070565e+00
1.070463e+00
1.070361e+00
1.070259e+00
1.070158e+00
1.070056e+00
1.069955e+00
1.069854e+00
1.069753e+00
1.069652e+00
1.069551e+00
1.069451e+00
1.069350e+00
1.069250e+00
1.069150e+00
1.069050e+00
1.068951e+00
1.068851e+00
1.068752e+00
1.068652e+00
1.068553e+00
1.068454e+00
1.068356e+00
1.068257e+00
1.068159e+00
1.068060e+00
1.067962e+00
1.067864e+00
1.067767e+00
1.067669e+00
1.067571e+00
1.067474e+00
1.067377e+00
1.067280e+00
1.067183e+00
1.067086e+00
1.066990e+00
1.066893e+00
1.066797e+00
1.066701e+00
1.066605e+00
1.066509e+00
1.066414e+00
1.066318e+00
1.066223e+00
1.066128e+00
1.066033e+00
1.065938e+00
1.065843e+00
1.065748e+00
1.065654e+00
1.065560e+00
1.065466e+00
1.065372e+00
1.065278e+00
1.065184e+00
1.065091e+00
1.064997e+00
1.064904e+00
1.064811e+00
1.064718e+00
1.064625e+00
1.064532e+00
1.064440e+00
1.064348e+00
1.064255e+00
1.064163e+00
1.064071e+00
1.063980e+00
1.063888e+00
1.063797e+00
1.063705e+00
1.063614e+00
1.063523e+00
1.063432e+00
1.063341e+00
1.063251e+00
1.063160e+00
1.063070e+00
1.062980e+00
1.062890e+00
1.062800e+00
1.062710e+00
1.062621e+00
1.062531e+00
1.062442e+00
1.062353e+00
1.062264e+00
1.062175e+00
1.062086e+00
1.061997e+00
1.061909e+00
1.061820e+00
1.061732e+00