1.005432e-01
7.909468e-02
-3.127517e-03
2.406533e-02
1.591185e-02
8.372796e-02
6.177224e-02
9.914706e-03
3.535806e-02
1.467703e-02
7.305791e-02
5.578011e-02
2.165020e-02
3.997245e-02
1.226295e-02
6.787281e-02
5.375948e-02
2.779379e-02
4.164610e-02
1.085251e-02
6.555497e-02
5.310211e-02
3.052305e-02
4.213610e-02
1.020055e-02
6.449946e-02
5.290328e-02
3.165895e-02
4.217689e-02
9.927661e-03
6.395239e-02
5.285583e-02
3.213459e-02
4.205485e-02
9.817824e-03
6.359894e-02
5.285776e-02
3.235557e-02
4.187635e-02
9.772739e-03
6.331646e-02
5.287599e-02
3.248347e-02
4.167943e-02
9.752156e-03
6.305942e-02
5.290005e-02
3.257912e-02
4.147724e-02
9.740627e-03
6.281153e-02
5.292674e-02
3.266448e-02
4.127419e-02
9.732489e-03
6.256715e-02
5.295510e-02
3.274720e-02
4.107171e-02
9.725738e-03
6.232436e-02
5.298486e-02
3.282985e-02
4.087021e-02
9.719689e-03
6.208254e-02
5.301595e-02
3.291327e-02
4.066980e-02
9.714111e-03
6.184147e-02
5.304835e-02
3.299770e-02
4.047050e-02
9.708929e-03
6.160107e-02
5.308205e-02
3.308321e-02
4.027228e-02
9.704120e-03
6.136132e-02
5.311706e-02
3.316980e-02
4.007511e-02
9.699674e-03
6.112219e-02
5.315337e-02
3.325747e-02
3.987896e-02
9.695588e-03
6.088367e-02
5.319099e-02
3.334619e-02
3.968380e-02
9.691861e-03
6.064575e-02
5.322990e-02
3.343594e-02
3.948960e-02
9.688491e-03
6.040841e-02
5.327011e-02
3.352671e-02
3.929633e-02
9.685476e-03
6.017164e-02
5.331163e-02
3.361849e-02
3.910395e-02
9.682816e-03
5.993543e-02
5.335445e-02
3.371125e-02
3.891244e-02
9.680507e-03
5.969976e-02
5.339856e-02
3.380497e-02
3.872177e-02
9.678551e-03
5.946463e-02
5.344398e-02
3.389965e-02
3.853192e-02
9.676943e-03
5.923002e-02
5.349070e-02
3.399526e-02
3.834284e-02
9.675683e-03
5.899592e-02
5.353872e-02
3.409180e-02
3.815452e-02
9.674770e-03
5.876232e-02
5.358805e-02
3.418924e-02
3.796692e-02
9.674201e-03
5.852922e-02
5.363868e-02
3.428758e-02
3.778003e-02
9.673974e-03
5.829659e-02
5.369061e-02
3.438680e-02
3.759381e-02
9.674089e-03
5.806444e-02
5.374386e-02
3.448688e-02
3.740823e-02
9.674542e-03
5.783275e-02
5.379841e-02
3.458783e-02
3.722328e-02
9.675333e-03
5.760151e-02
5.385428e-02
3.468961e-02
3.703892e-02
9.676459e-03
5.737071e-02
5.391146e-02
3.479223e-02
3.685513e-02
9.677918e-03
5.714034e-02
5.396995e-02
3.489567e-02
3.667189e-02
9.679709e-03
5.691040e-02
5.402977e-02
3.499991e-02
3.648917e-02
9.681828e-03
5.668088e-02
5.409090e-02
3.510496e-02
3.630694e-02
9.684275e-03
5.645177e-02
5.415336e-02
3.521081e-02
3.612519e-02
9.687048e-03
5.622305e-02
5.421715e-02
3.531743e-02
3.594388e-02
9.690143e-03
5.599473e-02
5.428227e-02
3.542483e-02
3.576300e-02
9.693559e-03
5.576679e-02
5.434873e-02
3.553299e-02
3.558253e-02
9.697293e-03
5.553923e-02
5.441652e-02
3.564190e-02
3.540243e-02
9.701344e-03
5.531204e-02
5.448566e-02
3.575157e-02
3.522269e-02
9.705709e-03
5.508521e-02
5.455614e-02
3.586198e-02
3.504328e-02
9.710386e-03
5.485873e-02
5.462798e-02
3.597312e-02
3.486419e-02
9.715372e-03
5.463260e-02
5.470117e-02
3.608500e-02
3.468538e-02
9.720665e-03
5.440681e-02
5.477572e-02
3.619759e-02
3.450684e-02
9.726263e-03
5.418136e-02
5.485164e-02
3.631090e-02
3.432855e-02
9.732163e-03
5.395623e-02
5.492892e-02
3.642492e-02
3.415049e-02
9.738362e-03
5.373143e-02
5.500759e-02
3.653965e-02
3.397263e-02
9.744859e-03
5.350694e-02
5.508764e-02
3.665508e-02
3.379495e-02
9.751650e-03
5.328276e-02
5.516907e-02
3.677120e-02
3.361743e-02
9.758734e-03
5.305887e-02
5.525190e-02
3.688802e-02
3.344005e-02
9.766106e-03
5.283529e-02
5.533613e-02
3.700553e-02
3.326280e-02
9.773766e-03
5.261199e-02
5.542177e-02
3.712372e-02
3.308564e-02
9.781709e-03
5.238898e-02
5.550882e-02
3.724259e-02
3.290857e-02
9.789934e-03
5.216625e-02
5.559729e-02
3.736215e-02
3.273155e-02
9.798438e-03
5.194378e-02
5.568719e-02
3.748238e-02
3.255458e-02
9.807217e-03
5.172159e-02
5.577852e-02
3.760328e-02
3.237762e-02
9.816269e-03
5.149965e-02
5.587130e-02
3.772486e-02
3.220067e-02
9.825591e-03
5.127797e-02
5.596552e-02
3.784711e-02
3.202369e-02
9.835181e-03
5.105654e-02
5.606121e-02
3.797003e-02
3.184668e-02
9.845035e-03
5.083536e-02
5.615836e-02
3.809362e-02
3.166961e-02
9.855150e-03
5.061441e-02
5.625699e-02
3.821788e-02
3.149246e-02
9.865523e-03
5.039369e-02
5.635710e-02
3.834281e-02
3.131521e-02
9.876152e-03
5.017320e-02
5.645870e-02
3.846840e-02
3.113784e-02
9.887034e-03
4.995294e-02
5.656181e-02
3.859466e-02
3.096034e-02
9.898164e-03
4.973289e-02
5.666642e-02
3.872160e-02
3.078269e-02
9.909541e-03
4.951305e-02
5.677256e-02
3.884920e-02
3.060486e-02
9.921161e-03
4.929342e-02
5.688023e-02
3.897747e-02
3.042684e-02
9.933020e-03
4.907399e-02
5.698944e-02
3.910642e-02
3.024860e-02
9.945116e-03
4.885475e-02
5.710020e-02
3.923604e-02
3.007014e-02
9.957445e-03
4.863571e-02
5.721253e-02
3.936634e-02
2.989142e-02
9.970005e-03
4.841684e-02
5.732643e-02
3.949731e-02
2.971243e-02
9.982791e-03
4.819816e-02
5.744191e-02
3.962897e-02
2.953316e-02
9.995800e-03
4.797965e-02
5.755899e-02
3.976131e-02
2.935358e-02
1.000903e-02
4.776131e-02
5.767767e-02
3.989434e-02
2.917368e-02
1.002247e-02
4.754314e-02
5.779798e-02
4.002805e-02
2.899342e-02
1.003613e-02
4.732512e-02
5.791992e-02
4.016247e-02
2.881281e-02
1.005000e-02
4.710725e-02
5.804350e-02
4.029758e-02
2.863181e-02
1.006408e-02
4.688953e-02
5.816874e-02
4.043339e-02
2.845041e-02
1.007835e-02
4.667195e-02
5.829565e-02
4.056991e-02
2.826859e-02
1.009283e-02
4.645451e-02
5.842425e-02
4.070714e-02
2.808634e-02
1.010750e-02
4.623720e-02
5.855454e-02
4.084508e-02
2.790362e-02
1.012236e-02
4.602001e-02
5.868654e-02
4.098375e-02
2.772042e-02
1.013741e-02
4.580294e-02
5.882027e-02
4.112315e-02
2.753673e-02
1.015264e-02
4.558598e-02
5.895575e-02
4.126328e-02
2.735252e-02
1.016805e-02
4.536914e-02
5.909297e-02
4.140415e-02
2.716777e-02
1.018364e-02
4.515239e-02
5.923197e-02
4.154577e-02
2.698247e-02
1.019941e-02
4.493573e-02
5.937276e-02
4.168814e-02
2.679659e-02
1.021533e-02
4.471917e-02
5.951535e-02
4.183127e-02
2.661012e-02
1.023143e-02
4.450269e-02
5.965976e-02
4.197517e-02
2.642304e-02
1.024768e-02
4.428629e-02
5.980600e-02
4.211985e-02
2.623532e-02
1.026409e-02
4.406995e-02
5.995410e-02
4.226531e-02
2.604695e-02
1.028066e-02
4.385369e-02
6.010407e-02
4.241156e-02
2.585790e-02
1.029737e-02
4.363748e-02
6.025593e-02
4.255861e-02
2.566816e-02
1.031422e-02
4.342132e-02
6.040969e-02
4.270647e-02
2.547771e-02
1.033121e-02
4.320520e-02
6.056538e-02
4.285515e-02
2.528651e-02
1.034834e-02
4.298912e-02
6.072301e-02
4.300465e-02
2.509457e-02
1.036560e-02
4.277308e-02
6.088261e-02
4.315500e-02
2.490185e-02
1.038299e-02
4.255706e-02
6.104419e-02
4.330619e-02
2.470833e-02
1.040049e-02
4.234105e-02
6.120778e-02
4.345825e-02
2.451399e-02
1.041812e-02
4.212506e-02
6.137339e-02
4.361117e-02
2.431881e-02
1.043586e-02
4.190906e-02
6.154104e-02
4.376497e-02
2.412277e-02
1.045370e-02
4.169306e-02
6.171077e-02
4.391966e-02
2.392585e-02
1.047165e-02
4.147705e-02
6.188258e-02
4.407526e-02
2.372802e-02
1.048970e-02
4.126102e-02
6.205650e-02
4.423178e-02
2.352927e-02
1.050784e-02
4.104496e-02
6.223256e-02
4.438922e-02
2.332957e-02
1.052607e-02
4.082886e-02
6.241078e-02
4.454760e-02
2.312889e-02
1.054438e-02
4.061272e-02
6.259118e-02
4.470694e-02
2.292722e-02
1.056278e-02
4.039652e-02
6.277379e-02
4.486725e-02
2.272453e-02
1.058124e-02
4.018027e-02
6.295863e-02
4.502854e-02
2.252080e-02
1.059978e-02
3.996394e-02
6.314573e-02
4.519083e-02
2.231601e-02
1.061838e-02
3.974753e-02
6.333511e-02
4.535412e-02
2.211013e-02
1.063704e-02
3.953103e-02
6.352681e-02
4.551845e-02
2.190313e-02
1.065575e-02
3.931443e-02
6.372084e-02
4.568381e-02
2.169499e-02
1.067451e-02
3.909773e-02
6.391724e-02
4.585024e-02
2.148570e-02
1.069332e-02
3.888091e-02
6.411603e-02
4.601774e-02
2.127521e-02
1.071216e-02
3.866396e-02
6.431725e-02
4.618633e-02
2.106351e-02
1.073103e-02
3.844687e-02
6.452093e-02
4.635602e-02
2.085057e-02
1.074993e-02
3.822964e-02
6.472709e-02
4.652685e-02
2.063637e-02
1.076885e-02
3.801224e-02
6.493577e-02
4.669881e-02
2.042087e-02
1.078778e-02
3.779468e-02
6.514699e-02
4.687194e-02
2.020405e-02
1.080672e-02
3.757693e-02
6.536080e-02
4.704626e-02
1.998588e-02
1.082566e-02
3.735900e-02
6.557722e-02
4.722177e-02
1.976634e-02
1.084460e-02
3.714085e-02
6.579629e-02
4.739850e-02
1.954539e-02
1.086353e-02
3.692250e-02
6.601805e-02
4.757648e-02
1.932301e-02
1.088245e-02
3.670391e-02
6.624253e-02
4.775572e-02
1.909917e-02
1.090134e-02
3.648508e-02
6.646977e-02
4.793624e-02
1.887383e-02
1.092021e-02
3.626600e-02
6.669980e-02
4.811808e-02
1.864697e-02
1.093904e-02
3.604665e-02
6.693267e-02
4.830124e-02
1.841855e-02
1.095783e-02
3.582702e-02
6.716842e-02
4.848575e-02
1.818855e-02
1.097657e-02
3.560710e-02
6.740707e-02
4.867164e-02
1.795692e-02
1.099526e-02
3.538686e-02
6.764869e-02
4.885893e-02
1.772365e-02
1.101388e-02
3.516631e-02
6.789331e-02
4.904765e-02
1.748869e-02
1.103244e-02
3.494541e-02
6.814097e-02
4.923783e-02
1.725200e-02
1.105092e-02
3.472416e-02
6.839172e-02
4.942948e-02
1.701357e-02
1.106931e-02
3.450254e-02
6.864560e-02
4.962264e-02
1.677334e-02
1.108762e-02
3.428053e-02
6.890267e-02
4.981734e-02
1.653128e-02
1.110583e-02
3.405812e-02
6.916297e-02
5.001360e-02
1.628735e-02
1.112394e-02
3.383529e-02
6.942655e-02
5.021145e-02
1.604152e-02
1.114193e-02
3.361202e-02
6.969347e-02
5.041093e-02
1.579375e-02
1.115981e-02
3.338829e-02
6.996377e-02
5.061206e-02
1.554400e-02
1.117755e-02
3.316409e-02
7.023752e-02
5.081488e-02
1.529221e-02
1.119516e-02
3.293939e-02
7.051476e-02
5.101942e-02
1.503836e-02
1.121263e-02
3.271418e-02
7.079555e-02
5.122572e-02
1.478240e-02
1.122994e-02
3.248843e-02
7.107996e-02
5.143381e-02
1.452429e-02
1.124709e-02
3.226213e-02
7.136805e-02
5.164372e-02
1.426397e-02
1.126408e-02
3.203524e-02
7.165987e-02
5.185550e-02
1.400141e-02
1.128088e-02
3.180776e-02
7.195550e-02
5.206918e-02
1.373655e-02
1.129750e-02
3.157965e-02
7.225499e-02
5.228481e-02
1.346935e-02
1.131393e-02
3.135089e-02
7.255843e-02
5.250241e-02
1.319975e-02
1.133015e-02
3.112146e-02
7.286587e-02
5.272204e-02
1.292770e-02
1.134615e-02
3.089133e-02
7.317740e-02
5.294374e-02
1.265314e-02
1.136193e-02
3.066047e-02
7.349309e-02
5.316756e-02
1.237603e-02
1.137748e-02
3.042886e-02
7.381301e-02
5.339353e-02
1.209631e-02
1.139279e-02
3.019646e-02
7.413725e-02
5.362171e-02
1.181391e-02
1.140784e-02
2.996326e-02
7.446590e-02
5.385215e-02
1.152877e-02
1.142263e-02
2.972921e-02
7.479904e-02
5.408490e-02
1.124084e-02
1.143715e-02
2.949428e-02
7.513675e-02
5.432001e-02
1.095004e-02
1.145139e-02
2.925845e-02
7.547914e-02
5.455753e-02
1.065630e-02
1.146532e-02
2.902168e-02
7.582630e-02
5.479753e-02
1.035957e-02
1.147896e-02
2.878393e-02
7.617833e-02
5.504007e-02
1.005976e-02
1.149228e-02
2.854516e-02
7.653533e-02
5.528520e-02
9.756798e-03
1.150526e-02
2.830534e-02
7.689742e-02
5.553299e-02
9.450608e-03
1.151791e-02
2.806443e-02
7.726470e-02
5.578350e-02
9.141109e-03
1.153021e-02
2.782238e-02
7.763730e-02
5.603681e-02
8.828214e-03
1.154215e-02
2.757915e-02
7.801533e-02
5.629299e-02
8.511836e-03
1.155370e-02
2.733469e-02
7.839893e-02
5.655210e-02
8.191883e-03
1.156487e-02
2.708896e-02
7.878823e-02
5.681424e-02
7.868259e-03
1.157564e-02
2.684191e-02
7.918336e-02
5.707948e-02
7.540865e-03
1.158599e-02
2.659348e-02
7.958448e-02
5.734791e-02
7.209595e-03
1.159591e-02
2.634361e-02
7.999173e-02
5.761962e-02
6.874339e-03
1.160539e-02
2.609226e-02
8.040528e-02
5.789470e-02
6.534984e-03
1.161441e-02
2.583935e-02
8.082529e-02
5.817325e-02
6.191408e-03
1.162296e-02
2.558483e-02
8.125194e-02
5.845537e-02
5.843485e-03
1.163103e-02
2.532863e-02
8.168541e-02
5.874117e-02
5.491081e-03
1.163859e-02
2.507067e-02
8.212591e-02
5.903077e-02
5.134058e-03
1.164563e-02
2.481088e-02
8.257363e-02
5.932429e-02
4.772267e-03
1.165214e-02
2.454918e-02
8.302879e-02
5.962185e-02
4.405551e-03
1.165810e-02
2.428548e-02
8.349163e-02
5.992359e-02
4.033746e-03
1.166350e-02
2.401970e-02
8.396238e-02
6.022965e-02
3.656676e-03
1.166830e-02
2.375175e-02
8.444131e-02
6.054019e-02
3.274156e-03
1.167250e-02
2.348150e-02
8.492869e-02
6.085535e-02
2.885989e-03
1.167608e-02
2.320887e-02
8.542481e-02
6.117532e-02
2.491963e-03
1.167902e-02
2.293373e-02
8.592999e-02
6.150028e-02
2.091856e-03
1.168130e-02
2.265596e-02
8.644454e-02
6.183042e-02
1.685425e-03
1.168290e-02
2.237542e-02
8.696884e-02
6.216594e-02
1.272416e-03
1.168379e-02
2.209198e-02
8.750326e-02
6.250709e-02
8.525501e-04
1.168396e-02
2.180547e-02
8.804822e-02
6.285408e-02
4.255314e-04
1.168339e-02
2.151572e-02
8.860415e-02
6.320719e-02
-8.961262e-06
1.168204e-02
2.122256e-02
8.917153e-02
6.356669e-02
-4.512764e-04
1.167991e-02
2.092579e-02
8.975089e-02
6.393289e-02
-9.017821e-04
1.167694e-02
2.062521e-02
9.034276e-02
6.430614e-02
-1.360950e-03
1.167324e-02
2.032035e-02
9.094799e-02
6.468663e-02
-1.828798e-03
1.166792e-02
2.001268e-02
9.156557e-02
6.507595e-02
-2.308831e-03
1.166695e-02
1.968982e-02
9.220801e-02
6.546626e-02
-2.780563e-03
1.162856e-02
1.943551e-02
9.279396e-02
6.591529e-02
-3.390653e-03
1.184279e-02
1.866689e-02
9.389536e-02
6.602917e-02
-3.129197e-03
1.030094e-02
2.140479e-02
9.156065e-02
6.851463e-02
-8.960650e-03
2.085837e-02